0.0010247754398733377
0.0002534563245717436
0.0011482033878564835
0.001046434510499239
1.3143292562745046e-05
0.0003513990668579936
2.1010537309962274e-08
0.0015690505970269442
0.002616456476971507
0.00015221683133859187
0.004691943526268005
0.0021855866070836782
0.00016301270807161927
0.001473188167437911
0.001821231795474887
0.00013772997772321105
0.0010144539410248399
1.3335758922039531e-05
0.000748580670915544
0.00024183776986319572
0.00048538154806010425
2.612372099974891e-06
0.0004940060316585004
0.0009548530797474086
0.002676791977137327
0.00048474606592208147
0.0012989419046789408
0.00018209869449492544
0.0004239809059072286
0.0008103522122837603
0.0015938765136525035
0.0005904106074012816
8.766054548914326e-08
0.0035179362166672945
0.0002547024632804096
0.0003193640150129795
0.00012632620928343385
2.425795742055925e-08
1.897446652873392e-18
9.533952106721699e-05
0.0008629998192191124
0.00030339628574438393
0.0007458250620402396
0.0005547460168600082
9.284474344894988e-08
0.0008329778211191297
0.003717049490660429
0.0007126185810193419
4.4021209760103375e-05
0.0007886140956543386
0.0003596034657675773
0.001574274036101997
0.00037228938890621066
0.0003231939335819334
0.004055616445839405
0.001511592068709433
0.000674272479955107
2.168581158912275e-05
0.00034559136838652194
0.0010020120535045862
0.0048790303990244865
2.566574221418705e-05
0.0022596942726522684
0.0012242385419085622
0.0006862136069685221
0.0015504476614296436
6.517074206680018e-12
0.0005292077548801899
1.8129426028805484e-31
0.004103458486497402
1.0096599696986317e-14
0.00017605973698664457
0.00039736475446261466
1.297692142543383e-05
0.001776264631189406
0.0005441344110295177
1.3037540611549048e-06
0.00029621002613566816
1.6132418068082188e-06
2.459349616401596e-06
0.00034912090632133186
0.0006429814966395497
0.0017036304343491793
0.0008321178611367941
8.551277278456837e-05
0.000154955341713503
0.0004454429727047682
0.0008293978753499687
0.0044626048766076565
5.248153684078716e-06
0.0009892875095829368
2.4177809031589235e-16
0.00014138073311187327
0.00045447619049809873
0.0001725475158309564
3.528224988258444e-05
0.0010767908534035087
0.0005038313684053719
0.0016966824186965823
0.00040313744102604687
0.0012416786048561335
7.799773698025092e-07
0.0006609222618862987
0.0027848114259541035
0.0006096558645367622
0.0006174660520628095
0.00021493506210390478
0.0012124018976464868
2.896406385843875e-06
5.743610381614417e-05
4.0048722439678386e-05
0.0011185234179720283
4.491444542509271e-06
0.0009399062255397439
2.8772255973308347e-06
5.2807499741902575e-05
1.1546752830327023e-05
5.156275619810913e-06
0.0028537323232740164
7.208068382169586e-06
0.0005621731979772449
6.396440585376695e-05
0.0006117340526543558
0.0001839995529735461
2.389628662058385e-06
0.00028451794059947133
0.0008941047708503902
0.00013332359958440065
0.0018839514814317226
0.00027167369262315333
0.0007780363084748387
0.0006687361164949834
0.0011035888455808163
0.000417147675761953
9.462136404181365e-06
0.0003167130926158279
5.3418127208715305e-05
0.0005382230738177896
5.206160494708456e-06
0.0005234185955487192
0.0003397816908545792
2.067779697467742e-10
0.0009597688331268728
0.00032909278525039554
0.0007890313281677663
0.0006292852922342718
8.137975237332284e-05
0.0005193082615733147
0.0027116769924759865
0.00021419202676042914
0.0005074687069281936
0.0004574428021442145
0.00016710661293473095
0.0005659392918460071
0.003426321316510439
0.00024002601276151836
0.00029249448562040925
5.8707260905066505e-05
0.0022810357622802258
0.0006123853963799775
0.00023101585975382477
0.001552134519442916
0.0012689988361671567
0.0001253286754945293
6.329105248524721e-20
0.0001065447140717879
2.886268335444697e-09
0.00037405677721835673
1.818395844566112e-06
0.00017631458467803895
0.0038117680232971907
0.000272771023446694
9.998178575187922e-05
8.287359378300607e-05
0.0018602454802021384
6.765207945136353e-05
0.0008465051068924367
0.0004946953849866986
0.0033405262511223555
2.702369556573103e-06
0.0009741398971527815
0.0032225053291767836
3.2348462797315847e-10
0.0005930764018557966
0.0019257923122495413
0.0009566452354192734
0.001583737786859274
0.0007815235876478255
0.0020288832020014524
0.00022611916938330978
0.0005014220951125026
0.0007955020992085338
0.00014484566054306924
0.0027783105615526438
0.0016348282806575298
0.0005286098457872868
0.0011397982016205788
0.00026953875203616917
0.0002911762276198715
0.00032852040021680295
2.4447492251056246e-05
1.6020398106775247e-05
0.0024494414683431387
0.002434310270473361
0.0004959030775353312
0.001859924173913896
0.0018473775126039982
0.0008690311224199831
0.0015094531700015068
0.0007884078659117222
9.531879186397418e-05
0.00023788078397046775
3.508284821700322e-22
0.0006070527597330511
0.0031571153085678816
0.0015404557343572378
0.00028622927493415773
0.0007420845213346183
0.0010477856267243624
0.00028384491452015936
0.0017305201618000865
5.602972194098378e-30
1.2398175385897048e-05
0.00123708532191813
0.0005107523174956441
1.8917045963462442e-05
7.906963583081961e-05
0.0011920393444597721
0.0024253895971924067
0.0021897009573876858
0.00010529614519327879
0.00026650301879271865
0.0010278568370267749
1.7416579112250474e-07
0.0017185186734423041
0.0016026761149987578
2.8138116249465384e-05
0.0002445229038130492
1.7108111933339387e-05
7.043591904221103e-05
0.00012321984104346484
0.0015232996083796024
6.68071152176708e-05
6.019252759870142e-05
0.0014721420593559742
0.0027225553058087826
0.0001809313107514754
0.003074244363233447
0.0015433611115440726
3.788509638980031e-05
1.5206185821625695e-07
0.0007893384899944067
0.0027314159087836742
0.0007680042763240635
0.00018917571287602186
8.437214273726568e-05
0.0
9.79152973741293e-05
0.0003312025801278651
0.0036680311895906925
0.00020048469014000148
0.0005658362642861903
0.00036224492941983044
0.001570712891407311
0.0032099459785968065
0.0015065388288348913
1.5584994628170534e-08
0.00563784409314394
6.137935270089656e-05
0.00059316965052858
0.000543185044080019
1.9979543139925227e-05
0.001001653727144003
0.0001627812598599121
1.4382270308033185e-07
0.00683521619066596
0.00010971072333632037
7.970545993885025e-05
0.0015079654986038804
3.64798579539638e-05
0.000217304565012455
4.1217590478481725e-05
0.0009006345644593239
0.0004447545506991446
0.0006757939117960632
0.0008768187835812569
0.0002058012323686853
0.0001882161886896938
0.0009770133765414357
0.004854470491409302
0.004281559027731419
0.0024255444295704365
0.0024722586385905743
0.0006171825225465
0.0004152159672230482
0.0006062805186957121
3.5940927773481235e-05
4.110403097001836e-05
0.0008224540506489575
0.002973088761791587
8.334895392181352e-05
0.00010194927017437294
0.0006866505718789995
0.0003598349285311997
0.0001477175683248788
0.00014585492317564785
0.000761848408728838
0.0003058010770473629
2.601985943329055e-05
0.0007452385616488755
0.0016388428630307317
1.2204425729578361e-05
0.0002682318154256791
0.0007353433757089078
0.000999286537989974
0.0013037826865911484
0.00027466221945360303
0.0005094832158647478
0.0027572212275117636
0.001456336467526853
0.00032263706088997424
0.0006128132808953524
0.0028199327643960714
0.0006411765934899449
0.0014198432909324765
0.00014493144408334047
0.00018563136109150946
0.0006313048652373254
0.0015146768419072032
0.0006702336831949651
0.001377463573589921
0.0010221798438578844
3.9398528315359727e-05
0.0036020949482917786
0.0003308062150608748
7.160443601605948e-06
1.0731105248851236e-05
7.638523675268516e-05
0.00034135300666093826
0.0006617451435886323
0.0006503919139504433
3.6348283174447715e-05
6.59851502859965e-05
0.0007241309504024684
3.623130852596997e-22
0.00080595922190696
5.3226012823870406e-05
0.001633286476135254
0.0012228278210386634
2.2653985070064664e-05
1.406857970137572e-29
0.00020213502284605056
0.0013825143687427044
0.0005015312926843762
0.0006525777280330658
0.0005896383081562817
0.000835985061712563
0.0054682111367583275
0.0014860393712297082
0.006689389236271381
0.001165579305961728
0.0014391904696822166
8.335897291544825e-05
0.004853873513638973
5.522387436940335e-05
9.02918054634938e-06
6.433267117245123e-05
0.00024109116930048913
0.00010140862286789343
0.0016165527049452066
0.0017261005705222487
0.00023010004952084273
0.00297441310249269
1.0574109947023014e-13
0.0004719065909739584
1.0038133041234687e-05
0.000313798023853451
0.00071082724025473
0.000214457482798025
0.0005669138045050204
0.0003167324175592512
0.00039260199991986156
4.6717395968051225e-21
0.003919205162674189
6.5123290369228926e-06
0.0007821218459866941
0.001383885508403182
8.872013859217986e-05
0.0004805791249964386
0.00020831562869716436
0.001778230769559741
0.00011408778664190322
0.0002709021500777453
0.0013263483997434378
2.0557446987368166e-05
0.00032756527070887387
9.064235928235576e-05
0.0020813290029764175
0.0004302017914596945
0.00029198266565799713
2.512120715891797e-07
0.0010920328786596656
0.0006305207498371601
0.0005256514414213598
1.17292120194179e-05
7.512343636051355e-09
0.0006204427336342633
0.0002320432395208627
0.00040834565879777074
0.0006953139090910554
0.0010810167295858264
0.00024319505610037595
0.0005855183699168265
0.0007027800311334431
0.0013886865926906466
0.009907002560794353
7.091950828908011e-05
0.00027012272039428353
2.63452748185955e-05
0.00011623513273661956
0.0011840267106890678
8.310696131275108e-09
0.00011847225687233731
0.0007327826460823417
0.0018798367818817496
7.815938829480729e-07
9.423903975402936e-05
5.647406942443922e-05
0.000763412332162261
8.450230098988598e-11
0.001064338837750256
0.0007253004587255418
0.002461423631757498
0.0003614896268118173
2.2677025188211353e-12
0.0006309190066531301
0.00012649907148443162
0.0023394699674099684
0.0007060223142616451
0.0005238133599050343
0.00019891589181497693
0.0005270228139124811
0.0024090264923870564
0.0013477717293426394
0.000588704424444586
0.0008479708340018988
0.002841400681063533
0.0006939700688235462
0.0014736048178747296
3.2368717484132503e-07
0.005118802189826965
0.003344540251418948
0.0019481992349028587
0.0012512077810242772
0.000836317369248718
0.0017413373570889235
0.0005897135706618428
1.1635604835191771e-07
0.0002775902103167027
3.7995268939994276e-05
1.4459743624684052e-06
0.0011052722111344337
2.136781404260546e-06
0.0003585945814847946
0.0012411086354404688
1.3046515334735886e-07
0.00032739638118073344
0.00036767320125363767
0.0013266742462292314
0.004302201792597771
0.0003751037293113768
0.001000222284346819
4.9575646698940545e-06
0.0007365962956100702
0.001689435332082212
0.0002421051758574322
0.000614986929576844
0.00017094091163016856
0.0005998544511385262
0.0022355809342116117
0.00047407005331479013
0.0004818072193302214
0.0007334170513786376
0.0018676042091101408
0.00018799916142597795
0.001884946133941412
7.799929448992771e-07
0.0006996661541052163
0.005597391165792942
2.199802293034736e-05
0.0015217795735225081
0.00021706435654778033
0.0002138451236533001
0.00010918732004938647
0.00021633518917951733
9.066309871741396e-07
0.0014064883580431342
0.00034699527896009386
0.00038582959678024054
0.0004852381825912744
0.001819270197302103
0.0007619413081556559
0.0006424555904231966
1.220897843268176e-06
7.745979360151978e-07
0.003914098720997572
0.003359575290232897
0.0008513269131071866
2.466339537932072e-06
0.00014833861496299505
0.0017840381478890777
0.00014258961891755462
0.0024137133732438087
0.00010758689313661307
0.0008374097524210811
0.003322039032354951
0.0019215279025956988
0.0009239990613423288
0.0003978586755692959
0.00019409375090617687
0.0002559402782935649
0.004747510422021151
6.843930896138772e-05
1.3358541650632105e-07
0.00010027739335782826
0.0008824393735267222
0.00017872590979095548
0.0001091243393602781
0.0001713921665214002
8.031392644625157e-05
0.0017208174103870988
9.478782158112153e-05
0.00017669795488473028
0.001407769974321127
0.001974760787561536
1.4334838851937093e-05
0.000874827615916729
0.00015509310469496995
7.459156768163666e-05
0.0012013441883027554
0.0010385310743004084
0.0005083389696665108
6.852145452285185e-05
9.79693536828212e-24
0.0002606837952043861
0.0003930045641027391
0.0016856694128364325
1.35272973378342e-10
0.0012769580353051424
9.342587873106822e-05
0.0007357043214142323
0.00036779799847863615
0.0018075592815876007
0.000161980016855523
0.0001530490117147565
1.8254919496030197e-06
0.0006095533026382327
9.213401062879711e-05
0.0006409624475054443
0.0016933726146817207
0.001993268495425582
1.5476950920856325e-06
6.429452332668006e-05
0.004877474624663591
0.0008206503698602319
0.0009878638666123152
6.497808499261737e-05
1.481885836263075e-09
0.00020587249309755862
1.5057740711199585e-05
0.0005436159553937614
9.9147146102041e-05
0.0003109290264546871
2.3565693481941707e-05
0.00024204931105487049
0.0016436767764389515
0.00040095721487887204
0.0005734848091378808
2.9160592021071352e-05
0.0014411942102015018
0.0012139111058786511
0.0010386151261627674
4.4969918235437945e-05
3.751844133148552e-06
0.0018061702139675617
1.385716677759774e-05
0.000859599735122174
0.0012561854673549533
0.0006532158586196601
0.0009061546879820526
0.0012487159110605717
0.00220533087849617
0.0007958144415169954
0.0013116204645484686
0.0006049050716683269
4.6212944653234445e-06
0.0005948590696789324
0.0001396262232447043
0.0017043418483808637
0.0023482630494982004
0.0001307237835135311
0.0010004405630752444
0.0005713391001336277
8.726000487513375e-06
0.0018637600587680936
0.0008306193049065769
0.00024392237537540495
0.00014536117669194937
0.00037948673707433045
0.000667107233311981
0.00024303096870426089
0.0008854724001139402
3.401887806830928e-05
0.005418091546744108
0.00036890481715090573
2.2027645172784105e-05
0.0003674800682347268
0.0007155014900490642
0.00020505304564721882
0.0008725615916773677
1.1234594694542466e-06
0.0004706002655439079
0.000338145560817793
0.0007850615656934679
4.8833837354322895e-05
0.0016305967001244426
0.003744659014046192
0.0005476324586197734
0.0003746241854969412
0.000958911026827991
0.003932569175958633
0.0013262155698612332
0.0006052338285371661
0.00024376335204578936
0.0009031714289449155
0.004535294137895107
0.0008550097118131816
0.001527889515273273
0.00015705243276897818
5.030840384279145e-07
0.00036883537541143596
0.001789823523722589
0.0014410638250410557
2.7666561436490156e-05
5.459937528939918e-05
0.002356461249291897
0.0005369502468965948
0.0008090466726571321
0.001058265333995223
0.0005750198615714908
0.00019731251813936979
0.0018091843230649829
0.0009592304704710841
0.0007152297766879201
0.0004857349267695099
0.0007628545863553882
0.0016882382333278656
0.0019380778539925814
0.00043705140706151724
0.0014240125892683864
0.0008290177793242037
6.060952273401199e-06
0.0007569498848170042
0.0017186979530379176
0.000843573419842869
0.0006530605023726821
2.249764400653626e-15
0.0017578217666596174
0.0003764930588658899
1.4584118616767228e-05
0.00021178758470341563
0.00016029039397835732
0.0015603306237608194
0.0012153080897405744
0.002438934985548258
0.0006627442198805511
0.00025207686121575534
0.001258738455362618
0.00048253845307044685
0.00034265685826539993
0.0010315149556845427
6.762474367860705e-05
6.491656222351594e-06
8.383204658457544e-06
0.00047707356861792505
0.00026227583293803036
0.0008299900800921023
0.0021344644483178854
0.00022440950851887465
0.0018855230882763863
0.0004543098621070385
0.0005186612834222615
0.0002879599924199283
0.0003498766163829714
0.0006896423874422908
0.000887345289811492
1.2465509371395456e-06
0.0021370779722929
0.0015937922289595008
0.0013256259262561798
0.0007372413529083133
0.0006967905210331082
0.0001855308364611119
0.0034784735180437565
0.00038590392796322703
7.081260264385492e-05
0.000711591390427202
0.0007256897515617311
8.105098459054716e-06
0.00023662715102545917
0.000834804552141577
0.0005472695338539779
0.0017086813459172845
0.0018519749864935875
0.00012297592184040695
0.002788777695968747
0.0006701400852762163
0.00029807182727381587
0.0007103782845661044
0.0015645138919353485
0.0030424976721405983
7.393537816824391e-05
0.000589260715059936
0.001138712977990508
7.42278530196927e-07
0.0023516546934843063
0.00037573438021354377
0.0010907342657446861
5.117291220813058e-05
0.00019461485499050468
0.0001227692555403337
0.0002011684700846672
0.0034175922628492117
8.570893896830967e-07
0.00021523919713217765
1.5247006558638532e-05
0.0005712171550840139
2.5004328563227318e-05
0.0006493438850156963
5.75326165357039e-16
0.001849089516326785
3.4786948321929856e-10
0.0005779751809313893
0.000881294603459537
0.000501020229421556
0.00016631609469186515
0.00019053755386266857
0.00029714402626268566
3.3385837014066055e-05
0.00013773603131994605
0.0010146449785679579
0.000860253581777215
0.0026251566596329212
0.0003593957517296076
0.0010901868809014559
5.8385954616824165e-05
0.0008498802781105042
0.004206561949104071
0.004602206405252218
0.0002771372382994741
0.0008107310277409852
0.0002682492195162922
0.002225270261988044
0.0019255392253398895
0.0031892082188278437
0.0019466857193037868
9.401689021615312e-05
0.0002487831225153059
0.0003623509837780148
1.0827237701960257e-06
8.258061825472396e-06
4.2485823192883743e-10
0.0021150833927094936
0.0007095074979588389
0.0005492293857969344
0.00038909591967239976
8.787159458734095e-05
0.0003798241086769849
0.00017712813860271126
1.0329108235396234e-08
4.343729710127249e-18
9.721556125441566e-05
0.0012879623100161552
0.0003756666264962405
0.000786607910413295
0.0012502684257924557
0.00033770952722989023
5.343601151253097e-05
0.0005015389178879559
0.0014505874132737517
7.791315147187561e-05
0.0002719385374803096
0.003757523139938712
0.0009679161012172699
0.0014598583802580833
0.0001275936228921637
0.0007582790567539632
0.0006987475790083408
0.0008025449351407588
0.0005554089439101517
3.7823191689767555e-08
0.0005467718583531678
1.0715642929426394e-05
0.0013079410418868065
1.0643047554381724e-09
2.11979840969434e-05
6.841745744168293e-06
0.0012889999197795987
0.004554253537207842
0.0006306127179414034
0.0007736724219284952
9.5104165666271e-05
3.68993426036468e-07
0.0009054818656295538
3.9206890505738556e-05
0.0005176931736059487
0.002015760401263833
0.0012369882315397263
0.00022285788145381957
0.00025208070292137563
0.000473990774480626
4.5370692532742396e-05
0.00044593409984372556
0.0008295614388771355
0.0025454333517700434
0.004149741493165493
0.0018184443470090628
3.6143399029242573e-07
3.734651727427263e-06
2.2240796170081012e-05
0.002223141258582473
0.0004188357852399349
0.0006881862063892186
0.0001370354148093611
0.0006786088342778385
0.00029922666726633906
1.3086732906231191e-05
0.001184250577352941
0.0002352142910240218
0.0015659319469705224
0.00019287543545942754
3.7147988223296124e-06
0.00010867024684557691
2.9573277060990222e-05
5.038335189055942e-07
0.00031086261151358485
0.0005000988603569567
0.00045851434697397053
1.5928803415166115e-11
0.0014339727349579334
0.000740187126211822
3.7289122701622546e-05
1.9498829715303145e-06
0.00016279338160529733
0.00041930616134777665
0.0005374751053750515
0.003962972201406956
2.1211493731243536e-05
4.533264018391492e-06
0.00011250691022723913
0.0008715565782040358
0.0007230689516291022
2.103476077763844e-07
0.0017807870171964169
0.0025698035024106503
5.2550090913427994e-05
6.2328058447747026e-06
0.0014763240469619632
0.002172281267121434
0.0007246338645927608
0.0014908089069649577
6.761132681276649e-05
0.001076489337719977
0.00019942846847698092
5.792798219772521e-06
0.004226079676300287
7.575933705084026e-05
0.000841225846670568
0.0009185480303131044
0.0014961377019062638
1.740593693248554e-22
0.001502455212175846
0.0018749902956187725
0.0007985160918906331
0.0008712539565749466
0.00040200029616244137
0.005166591610759497
0.00024058620329014957
1.4255318037115217e-09
0.0001600443501956761
0.0010492686415091157
0.00019130304281134158
0.00037915370194241405
0.000932909722905606
0.0009781784610822797
4.655042721424252e-05
0.0038653919473290443
0.00017870446026790887
0.0011507733725011349
0.00015484086179640144
0.0002059948310488835
1.041789019495809e-07
0.0006554739666171372
1.1344184713379946e-05
0.0020138800609856844
0.0002900889376178384
1.1395764886401594e-05
0.0018298729555681348
0.0005581619334407151
0.00022638602240476757
0.000893780670594424
6.525477260765911e-07
0.0008358154445886612
0.000696828996296972
0.0002994823735207319
6.905099070309006e-08
0.0006560971378348768
9.392369247507304e-05
0.0004220569971948862
0.0009199125343002379
0.00018927999190054834
1.412028182096528e-13
0.0020134663209319115
0.0026400480419397354
0.000803532893769443
0.000795679516158998
2.523853072489146e-05
6.011739060340915e-06
4.398750697021114e-09
0.0005397427012212574
0.0009332515764981508
0.0010096855694428086
0.001476917415857315
0.0007677751127630472
0.00027531321393325925
0.0005508525646291673
1.8443242879584432e-06
0.00015684112440794706
0.001215431373566389
0.0004571513563860208
0.00048058119136840105
0.0009184595546685159
0.0009254845208488405
5.9546850934566464e-06
0.0005684222560375929
5.265284016786609e-06
6.953776505724818e-07
3.1675881473347545e-05
0.0036789909936487675
1.9762647696097702e-07
8.775377966020921e-18
3.0209682222448464e-07
0.0006447829073294997
9.552407573210075e-05
0.00017383447266183794
1.533610657133977e-06
1.886511213911035e-08
0.000433033739682287
0.0014710600953549147
0.0008489215979352593
5.722496280213818e-05
0.0016072246944531798
0.001736421836540103
0.0005118991248309612
0.0022266111336648464
0.0006691780290566385
9.496831808064599e-06
0.0006892225355841219
0.0010980446822941303
0.0006275280611589551
0.0005471599870361388
0.0021077070850878954
0.00023163804144132882
0.003985755145549774
0.0008286793599836528
0.0034150383435189724
4.280868992623255e-09
0.0007563834660686553
2.6273428375134245e-06
5.392124421632616e-06
0.0019343448802828789
1.1655640896890418e-09
0.0026061884127557278
0.00016065349336713552
0.0024142565671354532
7.62859417591244e-05
4.231710590829607e-06
0.0016587116988375783
0.0001135324637289159
0.002308965427801013
1.4858830581943039e-05
0.0008330532000400126
0.001753241871483624
7.596318027935922e-07
0.00011586895561777055
0.0003569332475308329
0.0005931589403189719
0.00013101505464874208
0.0007655811496078968
0.00123710953630507
6.575190127477981e-06
0.0010615747887641191
0.0005103055736981332
0.001228661392815411
0.0002961575228255242
0.0001727847702568397
0.0009603702346794307
0.0005397861823439598
0.0003785105363931507
0.000395701703382656
0.0002986560866702348
0.0007704642484895885
0.0004454170702956617
0.0
0.00038413493894040585
0.00110805279109627
0.0032360476907342672
0.0003900206065736711
0.0018926942721009254
8.324166174134007e-07
5.5278480459719503e-08
2.002202563744504e-06
0.0011053390335291624
0.000642814498860389
5.174094659665673e-13
0.00137268693652004
0.0028827516362071037
0.0007161573739722371
5.003943806514144e-05
0.001893168198876083
0.0004936600453220308
0.0005151072982698679
0.00013864458014722914
0.0017014542827382684
0.0033681660424917936
4.0253242405974277e-10
0.0005849979934282601
3.377044208718871e-07
0.0004463970544748008
5.339194103726186e-06
0.0016782215097919106
3.016629648300295e-07
0.0006992921698838472
0.000869620474986732
0.00011421514500398189
0.00013352514361031353
0.0012710584560409188
0.0007044033263809979
0.001140368403866887
0.0021943056490272284
0.004340949468314648
0.00010011706763179973
0.0009466494084335864
1.0294469849247813e-16
0.0012376492377370596
0.001321935560554266
0.0005074471700936556
0.0004989338340237737
0.0003450100193731487
0.0004752937820740044
0.0
0.0033259347546845675
0.0017539086984470487
1.867857099568937e-05
0.00010866806405829266
9.359860996482894e-05
9.530406532576308e-05
0.00019855074060615152
0.0002589416108094156
0.001116449129767716
0.0017614344833418727
0.0001358176814392209
0.0007878232281655073
7.19858202943678e-16
0.0005954027874395251
0.001719366293400526
0.0001341972965747118
0.0001998655206989497
0.001510934322141111
0.0035471890587359667
3.822754297289066e-05
0.0018382068956270814
1.8168319626532536e-10
0.0033686719834804535
0.004417648073285818
3.012892824116875e-09
8.20954158061056e-15
5.820130809297552e-06
1.465756760410386e-08
0.0021283235400915146
0.0007301877485588193
0.0002281657507410273
0.0017265953356400132
0.0003963924536947161
0.00011237706348765641
0.007893639616668224
0.00041147603769786656
0.0007839973550289869
0.0019715933594852686
0.005991744808852673
7.266193279065192e-05
0.001004343037493527
0.0038596694357693195
0.0011247406946495175
1.669945248750082e-07
0.004781607538461685
0.0006974971038289368
0.0008645463385619223
0.0016948668053373694
2.8574939723441384e-13
0.0007349020452238619
0.0010279964189976454
0.00018286304839421064
8.499885552737396e-06
1.6379436829083716e-06
0.0002510732738301158
0.0002676738949958235
0.0007850720430724323
0.000832760299090296
0.0008416856289841235
0.0006481135496869683
0.0009897815762087703
0.0002921347040683031
0.0025526920799165964
5.0066596202213987e-08
0.00019142785458825529
0.0008165866602212191
3.7050193668619613e-07
0.0001037577967508696
0.00017591792857274413
0.0010286900214850903
0.0003078501904383302
7.234823715407401e-05
0.0006027951603755355
1.3100596163440059e-08
0.0008602110319770873
0.001037170528434217
0.005022076889872551
1.4706344018122763e-06
2.3201847495441296e-18
0.0006657500052824616
0.0002783953968901187
4.719470962299965e-05
0.00047914672177284956
0.0013569199945777655
0.0011483730049803853
0.0006974947755225003
0.0012585879303514957
1.4599892475541942e-12
0.0006610845448449254
0.001145960297435522
0.0017672544345259666
2.501521066733403e-06
2.728844447119627e-05
0.0011757659958675504
0.0012695423793047667
3.1892212180802233e-19
0.000544177193660289
0.0010106248082593083
0.002254031365737319
1.5699979982741752e-08
1.0140044651052449e-05
0.004468413535505533
6.835907177608597e-20
0.002788814716041088
0.0027242533396929502
4.2216953488605213e-07
0.0002066554152406752
7.836343138478696e-05
0.00013000404578633606
0.0026993092615157366
0.00118490110617131
0.0001396557636326179
0.00011098455433966592
0.001633853418752551
0.0004410556866787374
0.0003817262186203152
0.0005823946557939053
2.9488042230241263e-08
0.0023039858788251877
0.0004097931960131973
4.61607487522997e-06
0.0005717743188142776
0.0003669096913654357
0.0007835474098101258
5.301164128468372e-05
0.0003887600323650986
0.0004931004368700087
0.0008744014194235206
1.2482746569730807e-06
0.00047905766405165195
0.0008759786724112928
0.0007646599551662803
0.0015575159341096878
0.008376789279282093
0.00032842427026480436
0.0014371017459779978
0.0006496979622170329
0.0006252900930121541
0.0002033327182289213
0.0014143750304356217
0.000686759885866195
2.8755277980963e-06
6.2083103102850146e-09
4.3964340079583053e-07
0.0002559817803557962
0.0006444716709665954
0.0007129309815354645
0.0016984804533421993
0.004439860582351685
0.0018749929731711745
0.0002755198802333325
9.474492230765463e-07
0.0012697061756625772
0.0005166378105059266
0.0005093030631542206
0.0005370674771256745
0.000748956052120775
6.579736577805306e-07
0.00026681978488340974
0.0005660611786879599
0.00048595332191325724
0.003928267862647772
0.002096419455483556
0.0004494098830036819
0.0007190206670202315
0.00034160897484980524
0.0003003654128406197
0.000861922453623265
0.0024890205822885036
0.0032430056016892195
0.00304089835844934
0.000813466205727309
0.0002897566882893443
7.250564038052687e-11
7.284171488208813e-09
0.0038310401141643524
0.005572082940489054
0.0006432600202970207
6.098064113757573e-05
0.0016039654146879911
0.0005173587123863399
0.0007921781507320702
1.9978419004473835e-05
0.0017147958278656006
1.3877970559406094e-05
0.0012258313363417983
2.3087614042793803e-09
0.0010080919601023197
0.00011137852561660111
0.0004980711382813752
0.0023477894719690084
0.0014012494357302785
1.7164157595228602e-10
0.00025242753326892853
0.0003567607491277158
3.115080835414119e-05
0.0009888620115816593
0.0008483256096951663
0.00021755810303147882
0.0003317922819405794
0.0006492318934760988
8.242223884735722e-06
0.0008327262476086617
1.2504282494774088e-05
0.00043914245907217264
0.0006225582910701632
0.00011969715706072748
1.4688565897813533e-05
2.8049304091837257e-05
4.8022905652089776e-09
0.004870397504419088
0.0007902107900008559
0.003228601301088929
3.659100184449926e-05
0.0004738602146971971
1.388894599330115e-08
2.793358544295188e-05
8.870000601746142e-05
8.759079683784421e-09
0.0008378655766136944
0.0012004313757643104
2.738906630384008e-07
0.0005167271592654288
8.036020881263539e-05
2.3054939447320066e-05
0.0001778307487256825
9.834958473220468e-05
0.00032825584639795125
3.212358205928467e-05
8.193207031581551e-05
6.156089398245967e-07
1.4190027191468557e-12
6.378082616720349e-05
0.0003484547487460077
4.933604577672668e-05
5.4036430810811e-05
1.1922259545826819e-05
0.00016717529797460884
0.0008394130854867399
0.00022446901130024344
0.0018429706105962396
0.001566600170917809
3.387151887093709e-12
0.00016723445151001215
0.005757721606642008
0.0002199789450969547
0.00018576042202766985
0.001603302895091474
0.0007361440802924335
0.0013105216203257442
0.0016827244544401765
0.0005014714552089572
0.00034416592097841203
0.0012760012177750468
8.040389366215095e-05
0.0007263667648658156
0.0010136887431144714
0.0008954398799687624
0.00038713071262463927
0.0007931019645184278
0.0005500990664586425
1.9700568998359813e-07
9.573362331138924e-05
6.326098082354292e-05
9.964274960694297e-10
0.0005479158717207611
0.0009051191154867411
0.0015054596588015556
0.00289263017475605
6.9550492298731115e-06
1.9969348888356614e-28
0.002955275820568204
0.0004848047101404518
0.0008799004135653377
4.63168034912087e-05
0.000949331559240818
0.0007240802515298128
0.00011456265929155052
3.14804092340637e-05
0.00017690617823973298
0.0003992711135651916
0.000110724511614535
0.0008383906679227948
0.0014525835867971182
0.0003848851192742586
0.0006398229161277413
3.5907942219637334e-05
7.931877917144448e-05
7.87493700045161e-05
1.8416581326619053e-07
2.3762777345837094e-05
0.0007077944464981556
0.0014858320355415344
0.005487840157002211
0.001874422887340188
0.0011599459685385227
4.340647592471214e-06
0.0006527008372358978
0.0005085555603727698
0.00015975207497831434
0.0009413217776454985
0.0001494321768404916
0.0011576098622754216
4.031229750012244e-08
0.0006130224210210145
0.002914458280429244
0.0009272409952245653
0.0004857120511587709
0.0009958132868632674
4.811530379811302e-05
8.556570537621155e-05
0.0003395126259420067
0.0006273797480389476
0.00024021189892664552
0.0008799712522886693
1.543254438729491e-05
0.00021918650600127876
0.005582987796515226
0.0007974160835146904
9.361414186059847e-07
0.0006850772188045084
0.00015679880743846297
0.00015971704851835966
0.00011959607945755124
0.0018756507197394967
0.00030507161864079535
0.0006411878857761621
0.000330331880832091
4.496288966038264e-05
0.0009190041455440223
0.0002786633267533034
0.00046816293615847826
0.0005597500712610781
0.0014213788090273738
0.0006774524808861315
0.003424281720072031
0.0015139025636017323
0.00045910521293990314
1.4395945546752387e-10
0.0004244080919306725
6.854642560938373e-05
0.0034081353805959225
0.002879772102460265
0.00019597513892222196
0.00025109699345193803
0.0005131438956595957
0.00016049561963882297
0.0007143779075704515
0.000859761203173548
0.0026390440762043
0.0006331885233521461
0.0006973179988563061
1.3418040008088272e-13
0.0009727826109156013
6.730280438205227e-05
0.000921952654607594
7.264807936735451e-05
0.0009769871830940247
0.001364056020975113
0.0006196603644639254
0.0006653408636339009
0.0008649472147226334
2.9500577511498705e-05
2.4502146516169887e-06
0.0007193427300080657
0.0013272599317133427
0.0008800312061794102
0.0002838297514244914
0.0003014371613971889
6.676221528323367e-05
0.0010763750178739429
0.0011552160140126944
6.7200130615674425e-06
0.0012271747691556811
0.004573117475956678
0.00015629979316145182
0.00011074668873334303
0.0008662660839036107
1.5471355360713703e-15
0.0010954535100609064
1.5423244278944814e-11
0.0008052893681451678
0.0007728651980869472
0.0007142210379242897
0.00031477963784709573
0.0018733275355771184
0.00019163842080160975
0.00027295967447571456
0.00010402427869848907
2.2144795366330072e-05
1.2562402507132475e-10
0.00035603399737738073
0.000676700088661164
0.002339455531910062
0.0007648734608665109
0.00017383413796778768
0.0
8.088020695140585e-05
0.0002538783592171967
0.004411254543811083
0.00035319593735039234
0.001878030365332961
0.00029164296574890614
1.5655833749406156e-06
0.0009355863439850509
0.003566639730706811
1.1263004751072003e-08
0.00021320705127436668
0.00021687876142095774
0.0018595887813717127
0.0004430266562849283
3.545865865817177e-06
0.001724735600873828
0.0010609596502035856
8.122903238927393e-09
0.00011176695261383429
0.0005088954931125045
6.309505988610908e-05
0.0004889122792519629
0.0002818757202476263
0.0004760564479511231
0.000431089720223099
0.0001121749373851344
0.0007997771608643234
0.0008733152062632143
0.000688140862621367
0.0006437077536247671
0.0015883672749623656
0.0019312265794724226
0.0016779500292614102
0.003905799239873886
2.325092509636306e-06
0.0007032975554466248
2.4644894438097253e-05
0.0006698293727822602
0.001530638663098216
0.0011301074409857392
0.0016713610384613276
0.0031375503167510033
9.287011198466644e-05
0.0
3.0045421794966387e-07
0.0001622803829377517
0.0004814124549739063
0.0028179155196994543
0.0002763936354313046
0.0009778906824067235
0.0004993577022105455
7.476462542399531e-06
0.0003150798729620874
0.0002116454706992954
0.0007487753755412996
0.0011435687774792314
9.94888468994759e-05
0.00018544576596468687
0.0007008587708696723
0.0001847001985879615
0.0009604860679246485
0.00045612716348841786
0.0015649875858798623
0.000732116459403187
0.00024821184342727065
0.006817583926022053
0.0002659316814970225
7.976602773851482e-07
2.4392329578404315e-07
0.0007670994382351637
8.40162392705679e-05
0.0006234088214114308
0.0027014040388166904
0.0015375554794445634
0.00024001502606552094
0.0010768400970846415
0.0018908448982983828
0.0006979606114327908
0.0020888547878712416
0.0002834055048879236
0.0010682797292247415
0.0006826954195275903
0.0008093145443126559
0.0011085220612585545
2.7478083211462945e-05
0.00016830576350912452
0.0029157197568565607
0.0005821227096021175
1.313532266067341e-05
0.000138601622893475
0.00022011554392520338
0.0013453324791043997
0.00023694320407230407
9.42039187066257e-05
0.00012308514851611108
9.527952329335676e-07
0.0007092492305673659
1.3509927621058182e-09
0.0007806768408045173
0.00040377650293521583
0.0010219962568953633
0.000874408520758152
0.0017224366310983896
0.00024474982637912035
0.0008531346102245152
0.00042949209455400705
5.795481315994566e-18
0.00022016908042132854
0.0014423392713069916
0.0014977218816056848
0.00020608716295100749
0.00028433080296963453
1.1238035767746624e-05
0.000824814778752625
0.0005806885892525315
0.0008280715555883944
0.0014109656913205981
0.002100736368447542
0.0005165021284483373
1.4879534049327958e-08
0.0001394433929817751
3.232554081478156e-05
0.0017307359958067536
0.00021295147598721087
2.1666319298674352e-05
0.00048235224676318467
0.0012373416684567928
0.0023678625002503395
0.0009912564419209957
0.0005836565978825092
0.002434117952361703
7.121030165535558e-08
0.00042372936150059104
0.0008966009481810033
6.114362622611225e-05
0.0008796836482360959
0.00016994531324598938
0.0004210623446851969
0.000684664526488632
0.0005443714326247573
0.0003078320005442947
0.0006276452913880348
0.0006958376034162939
2.052823947451543e-05
0.00011602717131609097
0.00013299245620146394
0.000741252617444843
0.0009456874686293304
0.000230910605750978
4.204689503239933e-06
0.00066486926516518
0.0006442094454541802
0.00024311183369718492
0.0016499650664627552
1.1780315221573967e-12
4.036882091895677e-05
0.0014022852992638946
0.0010398919694125652
0.0003486728819552809
7.481081070181972e-07
0.00018726172856986523
0.0033612039405852556
0.0005795788019895554
0.00019958766642957926
0.00012489347136579454
0.002126015955582261
0.0035904215183109045
3.1115028832573444e-05
0.00019913450523745269
0.0020194558892399073
6.003116141073406e-05
1.0944610266960808e-06
0.00025600401568226516
0.00032877293415367603
0.0008563757874071598
0.000970739230979234
3.942765761166811e-05
0.00015001281281001866
0.00012917020649183542
1.3954412679595407e-05
0.00037263735430315137
0.0002515412343200296
0.0001131186872953549
0.0013821416068822145
0.0006894511170685291
0.0013933185255154967
1.1061943183676703e-07
7.303330494323745e-05
0.0004462560173124075
0.00024791978648863733
0.001036513247527182
0.00031605976982973516
0.0022451397962868214
0.001185575150884688
0.002347863046452403
0.0006044794572517276
0.0005917263915762305
0.0010437085293233395
3.083485166350641e-15
0.0001489665446570143
0.001965327188372612
0.00012028343917336315
0.00021393301722127944
0.0001849648979259655
0.0037710415199398994
0.0010720432037487626
0.0003799331025220454
0.0009011015063151717
0.0007330505177378654
5.369061568671896e-07
0.00022417257423512638
0.0005891231703571975
8.653165423311293e-05
0.0007919230847619474
6.88712825649418e-05
0.003050032304599881
0.00011623591126408428
5.386451285005478e-09
0.0009029429638758302
1.802510450943373e-05
0.00034073879942297935
0.0002793072781059891
0.002169896848499775
4.9779380788095295e-05
5.8428620832273737e-05
0.000636944780126214
0.0005178821738809347
0.0007833830895833671
8.655690908199176e-05
0.0010042163776233792
0.00032470046426169574
7.324178295675665e-05
0.00023520487593486905
0.0016798055730760098
1.749326111166738e-05
0.0004938360652886331
0.00026127774617634714
0.0001361562462989241
0.000845805334392935
7.599116361234337e-05
0.002880787942558527
0.00021854710939805955
0.0001758404541760683
0.0016766053158789873
3.474934783298522e-05
0.00881968718022108
0.0012460765428841114
0.0007507774862460792
1.0978598766087089e-05
0.0019625681452453136
2.4386878067161888e-05
2.6740768887395516e-12
1.9431408873060718e-05
0.000705534708686173
0.0012854512315243483
0.0009460011497139931
0.000634875672403723
0.00012039807188557461
0.0004699518613051623
0.000123627542052418
0.0006432401714846492
0.001215913100168109
0.0003010012151207775
0.0005138017586432397
0.00026839913334697485
0.000266725430265069
0.00010735292744357139
0.0009593460708856583
0.00043596161413006485
4.713006651613227e-10
0.0006890143267810345
0.0011675356654450297
0.00021741729869972914
9.928291547112167e-05
1.172888119072013e-06
0.0030456348322331905
0.00038481413503177464
2.7810507674530527e-08
0.0036624171771109104
0.0017733342247083783
0.00044508263817988336
0.002510602818801999
0.0009834920056164265
0.0006081144674681127
3.250842564739287e-05
0.0002717120514716953
0.0007485913811251521
8.935419464251027e-05
0.0008109682821668684
0.0007795747369527817
0.006066684611141682
0.0017128507606685162
5.4924297728575766e-05
0.0016891401028260589
0.00017880706582218409
0.0001604527933523059
0.0016346804331988096
3.619752897066064e-05
0.0006406167522072792
0.0009683218086138368
0.006746324244886637
0.0012615962186828256
0.0002495942171663046
5.8598132454790175e-05
0.0017609883798286319
0.0016306792385876179
5.696019798051566e-05
0.0007578004151582718
3.133128848276101e-05
4.736821210826747e-05
0.006887947674840689
2.630918061186094e-07
0.00017066419241018593
0.0001610726903891191
0.0014641598099842668
0.001834450289607048
0.0004779511655215174
0.0007303972961381078
0.0006757456576451659
0.0004114834882784635
0.0010279061971232295
0.000269715121248737
0.0004123473772779107
0.0006994408904574811
4.578491012595311e-16
0.0005446402938105166
1.0692072464735247e-05
0.001211735769174993
0.002061098115518689
0.00020375735766720027
0.00011858312791446224
4.550080848275684e-05
0.0003595307935029268
0.0006973817944526672
0.0011143749579787254
0.00021424000442493707
0.0005294287111610174
0.0007101731025613844
0.0007858569151721895
0.0012041040463373065
0.0008772534201852977
0.001109776203520596
0.00029291893588379025
0.0006512227118946612
0.0008470989996567369
0.0006660062936134636
0.0014648967189714313
3.311972844067405e-38
0.0002913025673478842
3.1999736620491603e-06
4.8125904868356884e-05
0.0005554790841415524
6.445237139135473e-13
6.024001777404919e-05
0.0008654925622977316
0.00017126882448792458
4.740797885460779e-05
2.781726793354977e-10
0.000654621166177094
0.001109803095459938
0.0017269718227908015
0.0008555540698580444
6.251012382563204e-05
1.7592234144103713e-05
0.002035927027463913
0.0004907600814476609
0.0005997006664983928
0.0003493561234790832
0.0005926062585785985
7.515304605476558e-05
0.001293602748773992
0.001314446679316461
7.21015312592499e-05
0.00043990954873152077
0.0012238274794071913
8.41108587223971e-08
0.00018246177933178842
0.00018203585932496935
0.0004833684943150729
0.002795104868710041
0.0006771458429284394
0.0006129713146947324
0.0005743392393924296
0.0008557986584492028
0.0015970211243256927
3.214404932805337e-05
2.2869462554808706e-06
2.8329281121841632e-05
5.245546344667673e-05
0.000600530649535358
0.0015188450925052166
2.4439263142994605e-05
0.0009888069471344352
0.0006437010015361011
0.0006389304762706161
4.373605122509616e-07
0.0016228618333116174
0.0006293872138485312
5.2570441766874865e-05
0.00028999961796216667
3.0254104785853997e-06
8.108455949695781e-05
6.184472045589473e-09
8.905053255148232e-05
0.0006302022957243025
0.0032884825486689806
0.0004777001740876585
2.4954864841220115e-08
0.0005834969342686236
0.0007134318584576249
0.0007240311824716628
0.0005126412725076079
0.0029195593670010567
1.8912437838025653e-07
0.0013967502163723111
1.1282216641173101e-17
5.709386823582463e-05
0.0007059375639073551
0.0008040648535825312
3.421006567805307e-06
0.0007792070973664522
0.00037262847763486207
0.0004514650790952146
0.002716407412663102
8.814543980406597e-05
5.6770568335196e-05
0.0005295443115755916
1.6674977132424829e-07
5.269992775502885e-12
0.006324077490717173
0.0002740872441790998
0.0008648338844068348
0.0006950846873223782
2.307621070940513e-05
0.0016350802034139633
0.00017027067951858044
7.7413184044417e-05
0.0005158279091119766
0.005434430204331875
0.0018972145626321435
0.00011539504339452833
0.005871386267244816
0.0007255476666614413
0.0011806923430413008
0.004260980989784002
0.0021384472493082285
0.0011003105901181698
0.0008745146915316582
5.8772071497514844e-05
0.002246994525194168
0.0008495993097312748
0.00010880576883209869
0.0017700610915198922
0.0016254165675491095
1.0883513823500834e-06
0.002802708186209202
0.0002512155333533883
0.00023398810299113393
2.2774922399548814e-05
0.0021367587614804506
0.000257056177360937
3.207795543858083e-06
0.0007476794417016208
0.0009313004557043314
0.00020845350809395313
0.0002127379848388955
0.0011754232691600919
0.004396076314151287
3.970154284616001e-05
1.682364927546587e-05
0.00024119163572322577
0.0021545987110584974
0.00015721051022410393
0.000569022842682898
0.0004448684339877218
0.0009662818629294634
0.0007280546706169844
0.0019522765651345253
0.0009215565514750779
0.0004885169910266995
0.0009360651602037251
2.180624925074426e-08
0.002544509945437312
0.0014254467096179724
0.00017712643602862954
0.0010907482355833054
0.0006352630443871021
1.6326163176927366e-06
0.0006587454699911177
1.1248441067479575e-09
4.5824832341168076e-05
1.7687061699689366e-05
0.0007077084737829864
1.0539591812630533e-06
0.0026481461245566607
0.000996602000668645
0.0006534711574204266
0.0015446417964994907
3.54935059476702e-06
0.00034761594724841416
0.00012548294034786522
0.00020501490507740527
0.002435169415548444
0.0018364752177149057
0.000834974052850157
0.0011313088471069932
0.003733913879841566
2.9142217954358784e-06
7.819988240953535e-05
0.0012218247866258025
0.00106784887611866
9.831329225562513e-05
0.00019638027879409492
0.00024901519645936787
1.7011433328661951e-06
6.312416700460233e-10
0.00029529983294196427
0.002180555136874318
0.00180852971971035
0.00013932351430412382
0.0006476350245065987
0.0016852016560733318
0.002632599323987961
0.0003990110708400607
0.0018161373445764184
0.0019209684105589986
0.00016143803077284247
0.0014987470349296927
0.0003475818084552884
0.001437635743059218
0.0005789594142697752
0.0007496949983760715
0.00023718098236713558
0.0008923073182813823
0.0004735738621093333
0.0015148852253332734
1.2325250281719491e-05
0.0025491262786090374
0.0018669369164854288
0.0009954140987247229
0.0003995046718046069
0.00017093797214329243
0.004075917415320873
0.00030075080576352775
0.0030089858919382095
0.00025125627871602774
0.00097102508880198
0.0010363997425884008
0.0004351972311269492
0.000380514858989045
2.0968086289485655e-07
0.0005163640598766506
1.1780711247411091e-05
0.0006967410445213318
0.00027376002981327474
0.0010250633349642158
6.688312623737147e-07
0.0005788597627542913
0.0001895733003038913
0.0005786239053122699
0.0021524345502257347
2.9166027232241376e-11
1.4788120097364299e-05
0.0005395390326157212
0.0018833650974556804
0.000660753867123276
0.00030879024416208267
0.00036215930595062673
3.468968498054892e-05
7.330675725825131e-05
0.004172651097178459
0.00016387939103879035
0.00188124377746135
7.15059013600694e-06
0.00014449292211793363
0.00033058077679015696
0.0005122791044414043
0.00023179779236670583
0.0008944306173361838
0.0012467887718230486
8.0079298641067e-05
9.150840196525678e-05
6.844649033155292e-05
0.00034135658643208444
0.002122787293046713
1.136242917709751e-05
0.0036610811948776245
0.00027964968467131257
0.0012789067113772035
0.00044142536353319883
0.000538843625690788
0.0002824532857630402
0.0005139505374245346
0.0008574229432269931
8.134772542689461e-06
5.2974046411691234e-05
0.0006064550834707916
0.0008636526181362569
0.0002701654739212245
0.0002735823218245059
0.0006310221506282687
1.3507150953273594e-08
0.0007264204323291779
0.0005332616274245083
0.0007668926264159381
0.0004251756763551384
1.6621469285382773e-06
0.00010457049211254343
0.0008573228842578828
0.002987569198012352
0.00021716019546147436
0.001302663004025817
6.022703382768668e-05
2.2196548599140442e-08
0.000891071860678494
0.0007462622597813606
0.000872944132424891
0.0012738483492285013
0.0018462138250470161
0.00015211061690934002
0.0012690273579210043
0.0015941816382110119
0.00018231150170322508
2.2938203983358108e-05
0.0018431954085826874
1.879646438496252e-09
0.0008825247059576213
0.0001892493019113317
0.002375423675402999
0.0014289355603978038
1.1577803888940252e-05
0.0007164802518673241
0.0003603278601076454
0.00026376789901405573
0.003703294089064002
0.00027466719620861113
0.00016821369354147464
0.005902736447751522
0.002263911534100771
1.0867753363896782e-09
7.631472203979767e-21
0.0005166894989088178
4.471795248548252e-14
4.924002132611349e-05
0.0005885063437744975
0.0007094257161952555
0.0007260813727043569
0.0004262464353814721
0.0003911667154170573
2.2897040707903216e-07
0.0005842905957251787
2.4812158017084585e-07
8.880049762183262e-08
0.00032656406983733177
9.232887350663077e-06
0.0008460929966531694
9.593102004146203e-05
9.701377712190151e-05
4.130718662054278e-05
0.00010741457663243636
0.005458639934659004
0.0009508078801445663
0.001859666546806693
5.5566873925272375e-05
0.0004553402541205287
7.843969069654122e-05
0.00032070683664642274
0.0016953259473666549
0.0004344403278082609
0.0003090753161814064
0.0049567739479243755
0.0008217870490625501
0.00042112180381082
0.0023497582878917456
0.002169098239392042
0.001261183526366949
0.003254776820540428
0.00020325538935139775
0.0002240567555418238
1.2198480590086547e-06
4.862231435254216e-05
0.00025695498334243894
0.00031081345514394343
0.004637516103684902
0.0028498785104602575
1.3553283679357264e-05
0.0038046264089643955
0.001812499132938683
0.0017092019552364945
0.0010483043733984232
0.0021385489962995052
0.0002042198902927339
2.9075985708004737e-07
0.0008185331244021654
0.0025162152014672756
0.001055470434948802
0.0007819667807780206
8.851638823804064e-16
0.0015709074214100838
9.137909318113202e-10
0.0009993022540584207
1.056750193129119e-06
4.5907541789347306e-05
1.1918687050638255e-06
0.0006430682260543108
0.0007863561040721834
6.017633859300986e-05
0.0005372427986003458
0.0025847272481769323
0.0009638090268708766
0.00198746589012444
0.0009077226859517395
1.56785301896889e-06
0.00013390790263656527
0.0006023489404469728
0.0008357775514014065
0.0007545890402980149
1.3403244659981883e-11
0.0019009734969586134
1.6796586351119913e-05
0.0022706305608153343
0.0013350009685382247
0.0006685475236736238
0.0011477114167064428
0.0003388613695278764
0.001278319745324552
9.860241512171797e-09
0.002139216521754861
0.001631258288398385
5.51051962247584e-05
2.8553898134831e-10
0.0016395420534536242
3.564337021089159e-06
0.0008515046793036163
0.0006487114587798715
0.0016846072394400835
0.001923473202623427
3.9316710171988234e-05
0.00024227972608059645
2.043068343482446e-05
0.0008109427290037274
0.0007012279238551855
0.00031868123915046453
0.0034218025393784046
0.0003947242512367666
0.00426178053021431
9.855179814621806e-05
5.076472371001728e-05
0.00016903238429222256
0.0013598332880064845
0.0015427457401528955
4.56192901765462e-05
0.0027290380094200373
0.0009878191631287336
0.002744185272604227
0.0007206464651972055
0.0007150433375500143
0.010090901516377926
0.0003375009691808373
0.0015277191996574402
0.0011512405471876264
0.00014394341269508004
0.001089379657059908
0.0021526659838855267
0.0017697529401630163
9.482352652412374e-06
0.0002237678854726255
0.00023536887601949275
0.00041403830982744694
0.0005684610223397613
1.3628446993152465e-07
0.004291975870728493
2.757900074357167e-05
4.413737997310818e-07
0.00069612410152331
0.0015184098156169057
0.001445536152459681
0.0008348897681571543
0.00044043638627044857
0.000804410083219409
0.0016510604182258248
0.0011225470807403326
0.0003900198789779097
0.00013454350118990988
0.0012879851274192333
0.00010049431148217991
0.0001980787783395499
0.0009553040727041662
4.4795029680244625e-05
0.0013058398617431521
0.002193093067035079
0.0002489078906364739
3.184225761287962e-06
0.0014158275444060564
0.0007531694718636572
8.55006292113103e-05
0.0002411026507616043
0.0035272189415991306
0.00018982290930580348
1.0139928235730622e-05
0.0003014914982486516
0.0007242175051942468
0.0002755282912403345
0.0019043630454689264
0.00025930776610039175
0.0004238319816067815
0.0071992455050349236
0.0003716999781318009
0.0005959697300568223
0.002931055845692754
3.750184259843081e-05
0.0005623367032967508
0.0008914361824281514
0.0005405280971899629
0.0013574588811025023
0.00045983490417711437
0.0006948959780856967
0.0002996586263179779
0.0006247948040254414
0.002335695782676339
0.0004208805912639946
2.9455475214490434e-07
